1007	1558908034275	1486030000
1003	1558908034275	1487133300
1006	1558908034275	1486944600
1002	1558908034279	1490856300
1009	1558908034280	1491330000
1008	1558908034280	1491851500
1001	1558908034281	1492379300
1004	1558908034281	1493051800
1010	1558908034282	1492957500
1005	1558908034282	1493780900
1009	1558908036503	1217061900
1004	1558908036503	1216678000
1008	1558908036509	1222703800
1001	1558908036509	1222370900
1005	1558908036510	1222196200
1006	1558908036511	1235156000
1003	1558908036511	1235190600
1002	1558908036511	1161741600
1010	1558908036511	1162264900
1007	1558908036511	1235499000
1003	1558908038702	1166856900
1004	1558908038705	1202691300
1001	1558908038705	1192089200
1005	1558908038705	1189387200
1008	1558908038706	1192416900
1002	1558908038706	1167876500
1007	1558908038706	1169740400
1010	1558908038706	1168885800
1006	1558908038706	1169974200
1009	1558908038706	1203257900
1001	1558908040892	1186397400
1004	1558908040892	1129785700
1007	1558908040893	1185290300
1002	1558908040893	1181805600
1003	1558908040893	1191115700
1006	1558908040894	1170090600
1008	1558908040895	1130669100
1009	1558908040895	1124904500
1005	1558908040895	1188869300
1010	1558908040896	1189120800
1010	1558908043037	1112172200
1006	1558908043037	1143228900
1004	1558908043038	1145164900
1009	1558908043038	1116820600
1005	1558908043038	1110234900
1001	1558908043038	1145602900
1002	1558908043039	1145578500
1007	1558908043039	1145870100
1003	1558908043039	1145675200
1008	1558908043039	1117836600
1006	1558908045173	1135062200
1002	1558908045173	1133184600
1003	1558908045173	1109191100
1007	1558908045174	1117882000
1010	1558908045174	1135521600
1001	1558908045176	1136646200
1005	1558908045176	1136682600
1008	1558908045176	1133248400
1009	1558908045176	1136800700
1004	1558908045176	1136757200
1003	1558908047299	1126040600
1007	1558908047300	1125646900
1004	1558908047301	1102561400
1001	1558908047301	1118807200
1009	1558908047302	1104432800
1008	1558908047302	1126147200
1005	1558908047303	1126685900
1010	1558908047303	1128273400
1002	1558908047303	1129803400
1006	1558908047303	1129756100
1001	1558908049406	1105379900
1005	1558908049407	1098566500
1009	1558908049407	1101004200
1006	1558908049408	1103216500
1002	1558908049408	1105219400
1010	1558908049408	1105199900
1008	1558908049409	1103233500
1003	1558908049409	1110085400
1007	1558908049409	1109148900
1004	1558908049409	1108284400
1008	1558908051554	1118153300
1009	1558908051554	1146488300
1001	1558908051554	1146575200
1004	1558908051554	1118652200
1005	1558908051556	1148231900
1003	1558908051556	1136303400
1010	1558908051556	1146767000
1007	1558908051556	1136103400
1002	1558908051556	1146813400
1006	1558908051556	1146701300
1004	1558908053719	1164197200
1003	1558908053721	1164423800
1008	1558908053721	1166603200
1001	1558908053721	1166722400
1009	1558908053721	1166931900
1002	1558908053721	1138437400
1007	1558908053722	1165759200
1006	1558908053722	1137605200
1010	1558908053722	1165802900
1005	1558908053727	1171355400
1010	1558908055848	1120653000
1007	1558908055848	1120790700
1008	1558908055849	1127111600
1009	1558908055849	1127174400
1005	1558908055849	1113368000
1001	1558908055849	1127864600
1004	1558908055849	1130585100
1006	1558908055850	1124130500
1002	1558908055850	1128845300
1003	1558908055850	1128947600
1003	1558908057954	1103656900
1006	1558908057954	1093952400
1007	1558908057954	1105988100
1010	1558908057954	1106562200
1002	1558908057954	1094780400
1001	1558908057956	1107260600
1004	1558908057956	1107136700
1009	1558908057956	1107305700
1005	1558908057956	1107364200
1008	1558908057956	1107406500
1006	1558908060061	1106323500
1010	1558908060061	1106422800
1003	1558908060061	1106377200
1002	1558908060062	1106689100
1007	1558908060061	1106536000
1009	1558908060062	1100601500
1001	1558908060062	1099740200
1005	1558908060062	1100605500
1008	1558908060062	1098328000
1004	1558908060062	1100416300
1001	1558908062179	1109051800
1005	1558908062183	1113118300
1009	1558908062184	1113262900
1004	1558908062187	1125146700
1008	1558908062187	1117851800
1007	1558908062190	1127282300
1006	1558908062193	1131618000
1010	1558908062193	1131677300
1003	1558908062193	1131694500
1002	1558908062194	1131732000
1009	1558908064303	1118619100
1005	1558908064303	1119534800
1001	1558908064303	1124166100
1004	1558908064304	1116640900
1008	1558908064304	1117368500
1010	1558908064305	1111729900
1002	1558908064305	1110776100
1003	1558908064305	1111762100
1007	1558908064305	1114778500
1006	1558908064305	1111807200
1002	1558908066402	1092620300
1006	1558908066402	1096614100
1010	1558908066402	1094002400
1003	1558908066403	1097181700
1007	1558908066403	1097272700
1009	1558908066404	1101204700
1008	1558908066404	1100385200
1005	1558908066404	1101463300
1001	1558908066404	1101546600
1004	1558908066410	1100648000
1002	1558908068524	1120589200
1006	1558908068524	1120589500
1003	1558908068524	1119867900
1007	1558908068524	1119967500
1001	1558908068525	1105052600
1005	1558908068525	1111641800
1009	1558908068525	1119401900
1004	1558908068525	1103258600
1008	1558908068525	1119161300
1010	1558908068525	1121595900
1010	1558908070651	1118321600
1002	1558908070652	1127369500
1004	1558908070653	1127790700
1001	1558908070653	1111035900
1008	1558908070653	1128258100
1009	1558908070654	1127906500
1005	1558908070654	1126559300
1003	1558908070655	1130295400
1007	1558908070655	1130722800
1006	1558908070655	1130720100
1002	1558908072745	1092737900
1005	1558908072746	1091187000
1004	1558908072747	1092939200
1008	1558908072747	1092950900
1009	1558908072747	1091894000
1001	1558908072747	1093448900
1006	1558908072748	1090631000
1003	1558908072748	1089723800
1007	1558908072748	1090650900
1010	1558908072748	1095758800
1001	1558908074860	1112108200
1002	1558908074862	1117774700
1006	1558908074862	1112409100
1010	1558908074862	1114488900
1003	1558908074863	1113261700
1005	1558908074865	1114593700
1007	1558908074865	1116528400
1004	1558908074866	1119561800
1008	1558908074866	1119635100
1009	1558908074867	1120498700
1002	1558908076980	1118002500
1001	1558908076981	1120690300
1005	1558908076981	1109102000
1004	1558908076982	1106716200
1003	1558908076982	1118611800
1010	1558908076982	1119436100
1008	1558908076982	1109113400
1006	1558908076982	1119483400
1007	1558908076982	1111674800
1009	1558908076982	1098068300
1010	1558908079082	1098687300
1006	1558908079082	1098851500
1002	1558908079083	1102322300
1007	1558908079085	1101253200
1005	1558908079085	1101291100
1009	1558908079085	1101368200
1001	1558908079085	1102320200
1003	1558908079086	1102431000
1004	1558908079087	1103360300
1008	1558908079087	1103804700
1008	1558908081217	1126902600
1003	1558908081217	1128402500
1007	1558908081218	1132527700
1006	1558908081218	1135927100
1009	1558908081220	1135297900
1004	1558908081221	1131363100
1005	1558908081221	1135600700
1001	1558908081221	1136138200
1002	1558908081223	1139768400
1010	1558908081223	1140515000
1004	1558908083314	1084261200
1008	1558908083314	1096878400
1005	1558908083314	1089610400
1002	1558908083314	1090411700
1003	1558908083314	1097660800
1010	1558908083314	1090485100
1006	1558908083314	1096882700
1009	1558908083315	1090607200
1001	1558908083315	1090596700
1007	1558908083315	1097504000
1002	1558908085442	1126762800
1001	1558908085443	1113278600
1003	1558908085444	1129178900
1006	1558908085444	1126862600
1007	1558908085444	1126059900
1009	1558908085444	1124834600
1004	1558908085445	1130901600
1010	1558908085445	1130900600
1005	1558908085445	1130951600
1008	1558908085445	1130970700
1002	1558908087547	1105069100
1005	1558908087548	1102938000
1003	1558908087548	1104369800
1007	1558908087548	1104057900
1004	1558908087548	1103014900
1008	1558908087548	1103542200
1001	1558908087549	1106046800
1010	1558908087549	1101240000
1006	1558908087549	1105120100
1009	1558908087549	1098153600
1003	1558908089658	1109713700
1002	1558908089658	1110684200
1010	1558908089659	1097959200
1004	1558908089659	1110512800
1005	1558908089660	1110860700
1008	1558908089660	1110988900
1001	1558908089660	1107588300
1009	1558908089660	1109991900
1006	1558908089660	1110048200
1007	1558908089660	1111183700
1008	1558908091747	1086640600
1003	1558908091747	1089025400
1007	1558908091747	1083179900
1004	1558908091747	1087938900
1002	1558908091748	1089481600
1001	1558908091748	1081693100
1010	1558908091748	1088632100
1009	1558908091748	1084582500
1006	1558908091748	1084401000
1005	1558908091748	1085953900
1008	1558908093842	1094868000
1002	1558908093842	1093353500
1004	1558908093842	1094905900
1009	1558908093842	1093747300
1007	1558908093842	1094917100
1003	1558908093842	1094923500
1006	1558908093842	1089440000
1010	1558908093843	1091437800
1005	1558908093843	1090480100
1001	1558908093843	1094319700
1009	1558908095983	1141630700
1002	1558908095983	1128653400
1010	1558908095983	1126606900
1007	1558908095984	1129404300
1003	1558908095984	1132678300
1008	1558908095984	1142422400
1004	1558908095984	1142463700
1006	1558908095984	1133213200
1005	1558908095985	1140107100
1001	1558908095985	1140193500
1004	1558908098080	1094288000
1001	1558908098080	1084955800
1003	1558908098080	1094817900
1005	1558908098080	1085171100
1007	1558908098080	1094832400
1002	1558908098080	1097181400
1008	1558908098080	1094385400
1010	1558908098080	1097204000
1009	1558908098080	1097219100
1006	1558908098080	1085283600
1004	1558908100169	1088089000
1001	1558908100169	1088261800
1003	1558908100169	1088320400
1008	1558908100169	1088351700
1002	1558908100169	1088504600
1010	1558908100169	1088430000
1006	1558908100169	1088554300
1009	1558908100169	1088558600
1005	1558908100169	1088706500
1007	1558908100169	1088699500
1001	1558908102263	1093727600
1004	1558908102263	1093837100
1003	1558908102263	1093860400
1005	1558908102263	1093879300
1002	1558908102263	1093889900
1006	1558908102263	1093712600
1007	1558908102263	1093798400
1010	1558908102263	1094077000
1008	1558908102263	1094188300
1009	1558908102263	1094220800
1002	1558908104353	1090333000
1010	1558908104353	1090323800
1007	1558908104353	1090294700
1006	1558908104353	1090364300
1004	1558908104353	1090441300
1001	1558908104353	1090211500
1008	1558908104353	1090470200
1005	1558908104353	1090487700
1009	1558908104353	1090509100
1003	1558908104353	1090591400
1002	1558908106466	1112391700
1003	1558908106466	1112211400
1010	1558908106466	1112478300
1006	1558908106466	1112496800
1007	1558908106466	1112650200
1004	1558908106466	1112585600
1008	1558908106466	1112735400
1001	1558908106466	1112651700
1005	1558908106466	1112776000
1009	1558908106466	1113070600
1001	1558908108564	1098088300
1002	1558908108565	1098896000
1010	1558908108565	1099021800
1006	1558908108565	1099043100
1009	1558908108565	1098911600
1005	1558908108565	1099063400
1004	1558908108565	1099084200
1003	1558908108565	1099215700
1008	1558908108566	1099366700
1007	1558908108566	1099457600
1007	1558908110661	1090888500
1003	1558908110661	1095628300
1006	1558908110661	1095798200
1010	1558908110661	1095817300
1002	1558908110661	1095817800
1008	1558908110661	1089523700
1009	1558908110661	1095967800
1001	1558908110661	1096073500
1005	1558908110661	1096152900
1004	1558908110661	1096232300
1003	1558908112782	1121344400
1002	1558908112784	1122800400
1001	1558908112784	1122799900
1008	1558908112785	1124074400
1004	1558908112785	1124116500
1006	1558908112785	1124417400
1005	1558908112786	1124682400
1009	1558908112786	1124801200
1007	1558908112786	1125243500
1010	1558908112786	1125557900
1002	1558908114924	1139562600
1001	1558908114926	1141615700
1004	1558908114927	1140683700
1009	1558908114927	1102098300
1008	1558908114927	1141028800
1005	1558908114927	1101465600
1007	1558908114927	1139211800
1003	1558908114927	1144327600
1006	1558908114927	1139799400
1010	1558908114927	1127145600
1002	1558908117022	1094384800
1006	1558908117022	1094554900
1010	1558908117022	1094621700
1005	1558908117022	1093010800
1001	1558908117022	1095817900
1003	1558908117022	1094942800
1009	1558908117022	1087148500
1007	1558908117022	1094988800
1004	1558908117022	1095009700
1008	1558908117022	1088814500
1004	1558908119137	1114138400
1001	1558908119137	1114259400
1003	1558908119137	1114997700
1006	1558908119137	1115121800
1002	1558908119138	1115264000
1010	1558908119138	1115636100
1007	1558908119138	1115868100
1009	1558908119138	1115750200
1005	1558908119138	1115651300
1008	1558908119138	1115811300
1006	1558908121224	1086633300
1007	1558908121224	1086049700
1001	1558908121225	1087256600
1009	1558908121225	1086983300
1005	1558908121225	1087051600
1002	1558908121225	1086001500
1003	1558908121226	1087988300
1010	1558908121226	1087052200
1008	1558908121226	1081955100
1004	1558908121226	1088184000
1001	1558908123334	1108170300
1004	1558908123334	1106148500
1008	1558908123334	1106973300
1003	1558908123334	1104634000
1007	1558908123334	1109778400
1006	1558908123334	1109734400
1002	1558908123334	1104609300
1005	1558908123334	1107799000
1009	1558908123334	1107626600
1010	1558908123334	1107924700
1003	1558908125462	1127980900
1001	1558908125463	1128433400
1004	1558908125463	1129122000
1007	1558908125464	1129752000
1002	1558908125464	1129819500
1010	1558908125464	1129896400
1006	1558908125464	1129897500
1005	1558908125464	1129889800
1009	1558908125464	1129917600
1008	1558908125464	1129863800
1004	1558908127595	1131766200
1008	1558908127595	1106002100
1003	1558908127595	1133176600
1010	1558908127595	1131172600
1006	1558908127595	1131195300
1001	1558908127595	1132483200
1009	1558908127595	1131338900
1005	1558908127595	1106567800
1002	1558908127595	1123006400
1007	1558908127595	1131321900
1008	1558908129701	1105949000
1004	1558908129701	1105934500
1002	1558908129701	1106109200
1005	1558908129701	1106079400
1001	1558908129701	1106119000
1010	1558908129701	1106094200
1009	1558908129701	1106097700
1006	1558908129701	1106152700
1003	1558908129701	1106142500
1007	1558908129701	1106204400
1004	1558908131815	1114872900
1008	1558908131816	1115733000
1001	1558908131816	1115818900
1003	1558908131817	1116312100
1007	1558908131817	1116353600
1006	1558908131817	1116405800
1002	1558908131817	1116469300
1009	1558908131817	1116635000
1005	1558908131817	1116640100
1010	1558908131817	1116672000
1005	1558908133899	1081732500
1003	1558908133900	1081909500
1004	1558908133900	1084037800
1001	1558908133900	1083155600
1009	1558908133900	1082172800
1008	1558908133900	1083179900
1006	1558908133900	1082321800
1010	1558908133900	1075802500
1007	1558908133900	1082363600
1002	1558908133900	1082141300
1007	1558908136016	1116188800
1006	1558908136016	1116682700
1004	1558908136016	1116852800
1001	1558908136016	1116869800
1003	1558908136016	1105469600
1002	1558908136017	1116976700
1008	1558908136017	1116963300
1009	1558908136017	1117026800
1010	1558908136017	1106532300
1005	1558908136017	1118495200
1001	1558908138132	1115905500
1002	1558908138132	1114819700
1010	1558908138133	1115703200
1007	1558908138133	1116618800
1006	1558908138133	1116634100
1009	1558908138133	1115427300
1008	1558908138133	1113504500
1005	1558908138133	1115968400
1004	1558908138134	1117018200
1003	1558908138134	1097892700
1003	1558908140219	1080710700
1007	1558908140220	1085235400
1002	1558908140220	1086039300
1004	1558908140220	1084794900
1001	1558908140220	1087184400
1005	1558908140220	1086120900
1008	1558908140220	1085582200
1009	1558908140220	1085776300
1010	1558908140220	1085677700
1006	1558908140220	1086344100
1001	1558908142321	1100744800
1004	1558908142321	1101090600
1008	1558908142321	1094574900
1005	1558908142321	1101234600
1009	1558908142322	1101374500
1003	1558908142322	1102923900
1006	1558908142322	1102110700
1002	1558908142322	1102106000
1007	1558908142322	1102106500
1010	1558908142322	1102361000
1001	1558908144423	1101606900
1004	1558908144423	1101661600
1003	1558908144425	1102663000
1008	1558908144425	1103632000
1007	1558908144425	1102794700
1005	1558908144425	1103671600
1006	1558908144425	1093987000
1002	1558908144425	1102837300
1010	1558908144425	1090920800
1009	1558908144425	1103065000
1008	1558908146521	1095372900
1009	1558908146521	1095173800
1004	1558908146522	1098957700
1003	1558908146522	1096382700
1002	1558908146522	1097585200
1001	1558908146523	1100075000
1005	1558908146523	1097957800
1007	1558908146523	1098402800
1010	1558908146523	1098643900
1006	1558908146523	1098629700
1008	1558908148712	1189670800
1004	1558908148712	1187839300
1001	1558908148712	1185601600
1002	1558908148712	1176964800
1003	1558908148712	1176553100
1007	1558908148712	1134482600
1006	1558908148712	1145047700
1009	1558908148712	1189872400
1010	1558908148712	1141103200
1005	1558908148712	1185667600
1003	1558908150815	1103380900
1002	1558908150815	1103472500
1010	1558908150815	1103485600
1007	1558908150815	1103651200
1001	1558908150815	1103683100
1006	1558908150815	1103676900
1005	1558908150815	1098568800
1009	1558908150815	1103696900
1008	1558908150815	1103808600
1004	1558908150815	1103710500
1005	1558908152933	1116519400
1002	1558908152933	1116783800
1001	1558908152934	1105402900
1004	1558908152934	1117675500
1006	1558908152934	1118010900
1007	1558908152934	1118202200
1009	1558908152934	1118096900
1008	1558908152934	1118107300
1003	1558908152934	1118227100
1010	1558908152935	1118619900
1002	1558908155019	1085786400
1010	1558908155019	1081820200
1006	1558908155019	1082425800
1007	1558908155019	1084954300
1009	1558908155019	1084876700
1001	1558908155019	1084847000
1003	1558908155019	1085006300
1004	1558908155019	1084883900
1008	1558908155019	1084972700
1005	1558908155019	1085984100
1004	1558908157110	1090233200
1007	1558908157110	1090409400
1010	1558908157110	1090470000
1002	1558908157110	1090449600
1005	1558908157110	1090468600
1009	1558908157110	1090517900
1001	1558908157110	1090551000
1008	1558908157110	1090543100
1006	1558908157110	1090743200
1003	1558908157110	1090802800
1005	1558908159218	1106765400
1004	1558908159218	1106790500
1001	1558908159218	1107450600
1007	1558908159218	1107359600
1010	1558908159218	1107359200
1002	1558908159218	1107433200
1006	1558908159219	1107477400
1009	1558908159219	1107601400
1008	1558908159219	1107529500
1003	1558908159219	1107453000
1002	1558908161317	1098617500
1001	1558908161317	1097274000
1003	1558908161317	1098474900
1004	1558908161317	1099002800
1005	1558908161317	1099011200
1009	1558908161317	1098677300
1010	1558908161317	1099362600
1006	1558908161317	1089555000
1008	1558908161317	1098756500
1007	1558908161318	1089731300
1002	1558908163438	1120730700
1009	1558908163439	1120814000
1010	1558908163439	1121102000
1005	1558908163440	1121773600
1008	1558908163440	1118785100
1004	1558908163440	1121827200
1007	1558908163440	1119355400
1006	1558908163440	1122059300
1001	1558908163440	1122172900
1003	1558908163440	1122299700
1001	1558908165518	1072279000
1008	1558908165519	1073091900
1010	1558908165519	1071824100
1003	1558908165519	1072230700
1006	1558908165519	1073113700
1007	1558908165519	1073121000
1009	1558908165519	1073172600
1005	1558908165519	1073294400
1002	1558908165519	1080339400
1004	1558908165519	1073694800
1005	1558908167599	1079653700
1009	1558908167599	1079662700
1001	1558908167599	1079675300
1003	1558908167599	1079601500
1007	1558908167599	1079653600
1006	1558908167599	1079673500
1010	1558908167599	1079684300
1004	1558908167599	1078650900
1008	1558908167599	1079988500
1002	1558908167599	1079987100
1001	1558908169709	1110105300
1008	1558908169709	1090895100
1009	1558908169709	1110044300
1004	1558908169709	1091092900
1005	1558908169709	1110325600
1010	1558908169709	1110361800
1007	1558908169709	1110362900
1003	1558908169709	1110497400
1006	1558908169709	1110577900
1002	1558908169709	1110366500
1003	1558908171799	1089338700
1001	1558908171801	1090903100
1004	1558908171801	1090873600
1008	1558908171801	1091060900
1009	1558908171801	1091070800
1005	1558908171802	1092434700
1002	1558908171802	1092751400
1006	1558908171803	1093133500
1010	1558908171803	1093549100
1007	1558908171803	1093468800
1009	1558908173888	1088049900
1008	1558908173888	1088146300
1010	1558908173889	1085776700
1004	1558908173890	1088888500
1007	1558908173890	1086655500
1006	1558908173890	1086173900
1003	1558908173890	1091470600
1002	1558908173890	1088707700
1001	1558908173890	1089190400
1005	1558908173890	1088775300
1006	1558908175997	1106893800
1003	1558908175997	1107168300
1007	1558908175997	1106685900
1010	1558908175997	1108772100
1002	1558908175998	1100367600
1008	1558908175998	1109721500
1001	1558908175998	1107818300
1009	1558908175998	1109760400
1005	1558908175998	1097062100
1004	1558908175998	1107933900
1005	1558908178091	1092067900
1003	1558908178091	1093633300
1008	1558908178091	1092855300
1006	1558908178092	1093776100
1001	1558908178092	1092982300
1007	1558908178092	1093855600
1002	1558908178092	1092609200
1010	1558908178092	1093434600
1004	1558908178092	1087891700
1009	1558908178092	1093444900
1004	1558908180180	1086027700
1003	1558908180180	1088808900
1009	1558908180180	1087213200
1006	1558908180180	1087984800
1001	1558908180180	1086358400
1005	1558908180180	1089063200
1002	1558908180180	1088205300
1008	1558908180180	1089308800
1007	1558908180180	1085961700
1010	1558908180180	1088454500
1004	1558908182258	1073163900
1008	1558908182258	1078173500
1001	1558908182258	1078117900
1003	1558908182258	1078170100
1007	1558908182258	1078195900
1002	1558908182258	1078292400
1009	1558908182259	1078373300
1005	1558908182259	1078486000
1010	1558908182259	1078491300
1006	1558908182259	1078462200
1006	1558908184349	1086548600
1010	1558908184349	1088964000
1007	1558908184349	1089904200
1003	1558908184349	1090000000
1008	1558908184349	1089931500
1004	1558908184349	1089965100
1005	1558908184349	1089271600
1002	1558908184349	1090200500
1001	1558908184349	1090195300
1009	1558908184349	1088941000
1008	1558908186464	1115227900
1007	1558908186465	1116020300
1003	1558908186465	1116235400
1006	1558908186466	1117040700
1002	1558908186466	1116856500
1010	1558908186466	1117107200
1004	1558908186466	1117148600
1001	1558908186467	1117568700
1009	1558908186467	1102298500
1005	1558908186467	1117973600
1005	1558908188552	1082014200
1001	1558908188552	1083485900
1002	1558908188552	1085247400
1003	1558908188552	1086133100
1004	1558908188552	1085517000
1006	1558908188552	1085553700
1008	1558908188552	1087407200
1007	1558908188552	1086425400
1009	1558908188552	1082732200
1010	1558908188552	1085667600
1009	1558908190653	1100203900
1005	1558908190653	1100160100
1008	1558908190653	1100578600
1010	1558908190653	1100572900
1004	1558908190653	1100720800
1001	1558908190654	1100861500
1002	1558908190654	1100838800
1007	1558908190654	1100917500
1006	1558908190654	1100990300
1003	1558908190654	1100650500
1008	1558908192751	1090819800
1005	1558908192751	1099078800
1004	1558908192751	1099019700
1001	1558908192751	1088673200
1009	1558908192751	1099099900
1002	1558908192751	1092392200
1006	1558908192752	1086600100
1010	1558908192752	1099182500
1007	1558908192752	1095689200
1003	1558908192752	1083861900
1004	1558908194840	1089259700
1001	1558908194840	1089704100
1007	1558908194840	1088076900
1008	1558908194840	1089674700
1003	1558908194840	1082633500
1002	1558908194840	1089758700
1006	1558908194840	1088103800
1010	1558908194840	1088129800
1005	1558908194840	1089694000
1009	1558908194840	1089746600
1004	1558908196942	1101521100
1005	1558908196942	1101948400
1009	1558908196942	1101972900
1003	1558908196944	1103548900
1006	1558908196944	1103592100
1002	1558908196944	1103664100
1010	1558908196944	1103621900
1007	1558908196944	1103723500
1008	1558908196944	1103818700
1001	1558908196945	1104342900
1001	1558908199031	1085445000
1004	1558908199031	1088472500
1002	1558908199031	1085998100
1008	1558908199031	1086759800
1005	1558908199031	1088944500
1003	1558908199031	1087062700
1007	1558908199031	1083354000
1006	1558908199032	1086463700
1010	1558908199032	1087048100
1009	1558908199032	1089564500
1010	1558908201109	1073694400
1007	1558908201109	1077101200
1001	1558908201109	1077191900
1009	1558908201109	1072478800
1008	1558908201109	1077069600
1004	1558908201109	1077113300
1003	1558908201109	1077384500
1006	1558908201109	1074895500
1002	1558908201109	1077665800
1005	1558908201109	1073277000
1001	1558908203190	1078662200
1008	1558908203190	1080042900
1009	1558908203190	1080222000
1010	1558908203190	1075044100
1005	1558908203190	1080321300
1007	1558908203190	1080444500
1004	1558908203190	1080410600
1006	1558908203190	1080547200
1002	1558908203190	1080601000
1003	1558908203190	1080629300
1008	1558908205278	1089012700
1002	1558908205278	1085049400
1007	1558908205278	1088996500
1010	1558908205279	1089204900
1001	1558908205279	1089253200
1004	1558908205279	1089142700
1009	1558908205279	1089312700
1006	1558908205279	1089272300
1003	1558908205279	1084797800
1005	1558908205279	1089535000
1001	1558908207369	1084616400
1008	1558908207370	1091527900
1004	1558908207370	1086363700
1003	1558908207370	1090232000
1005	1558908207371	1089915400
1002	1558908207371	1088245300
1009	1558908207371	1089870500
1006	1558908207371	1090874600
1007	1558908207371	1092486000
1010	1558908207371	1090630300
1002	1558908209447	1073389400
1001	1558908209448	1077966000
1004	1558908209448	1077798600
1003	1558908209448	1078190300
1008	1558908209448	1078067200
1006	1558908209448	1075885500
1005	1558908209448	1077125400
1007	1558908209448	1075411500
1009	1558908209448	1077326800
1010	1558908209448	1075072200
1008	1558908211518	1069642300
1001	1558908211518	1069755200
1009	1558908211518	1069798600
1005	1558908211518	1069807400
1004	1558908211518	1069774700
1003	1558908211518	1069865300
1007	1558908211518	1069878300
1002	1558908211518	1069871300
1010	1558908211518	1069880600
1006	1558908211518	1069833300
1001	1558908213635	1113345300
1002	1558908213637	1118735600
1003	1558908213637	1118768800
1007	1558908213637	1118999800
1006	1558908213637	1119035500
1005	1558908213638	1119246100
1004	1558908213638	1119335700
1009	1558908213638	1119339900
1008	1558908213638	1119579500
1010	1558908213638	1119701000
1002	1558908215729	1091916300
1001	1558908215729	1094507500
1003	1558908215730	1093179600
1004	1558908215730	1091146900
1006	1558908215730	1093339900
1005	1558908215730	1091059400
1008	1558908215730	1091182000
1007	1558908215730	1093350500
1009	1558908215730	1091385100
1010	1558908215731	1092455400
1001	1558908217818	1088560500
1009	1558908217818	1083354400
1004	1558908217818	1087661400
1005	1558908217818	1087730000
1008	1558908217818	1087778100
1002	1558908217818	1088636500
1003	1558908217818	1088005500
1006	1558908217818	1087989600
1010	1558908217818	1084880300
1007	1558908217818	1088035500
1003	1558908219919	1101823900
1010	1558908219919	1100787800
1008	1558908219919	1100876100
1007	1558908219920	1102259000
1006	1558908219920	1102244800
1005	1558908219920	1102279900
1002	1558908219920	1102331600
1004	1558908219920	1102254500
1001	1558908219920	1102312900
1009	1558908219920	1102345700
1001	1558908222028	1106839700
1010	1558908222028	1108378400
1009	1558908222028	1107817300
1006	1558908222028	1105369300
1007	1558908222028	1102738500
1008	1558908222028	1108367900
1003	1558908222028	1108427400
1005	1558908222028	1107614000
1004	1558908222028	1107613000
1002	1558908222029	1107829900
1005	1558908224110	1081520900
1008	1558908224110	1081641300
1007	1558908224110	1081752200
1001	1558908224110	1081842000
1006	1558908224110	1081781200
1004	1558908224110	1081854700
1002	1558908224110	1080673000
1009	1558908224110	1081773100
1003	1558908224110	1081834300
1010	1558908224110	1081998000
1001	1558908226178	1068288000
1008	1558908226178	1068595300
1006	1558908226178	1068558500
1010	1558908226178	1068632800
1007	1558908226178	1068558800
1004	1558908226179	1068880400
1003	1558908226179	1069111400
1009	1558908226179	1069047900
1002	1558908226179	1069338400
1005	1558908226179	1069152800
1005	1558908228258	1076948800
1003	1558908228258	1077340100
1002	1558908228258	1077346500
1010	1558908228258	1079409400
1008	1558908228258	1079512200
1004	1558908228258	1073513000
1009	1558908228258	1077227100
1006	1558908228258	1079615500
1007	1558908228258	1079622000
1001	1558908228258	1077113500
1005	1558908230347	1088657200
1001	1558908230348	1088981800
1009	1558908230348	1089008900
1004	1558908230348	1089402800
1003	1558908230348	1089389600
1010	1558908230348	1089410100
1002	1558908230348	1089381000
1006	1558908230348	1089450700
1007	1558908230348	1089464200
1008	1558908230348	1089465800
1003	1558908232428	1079859200
1002	1558908232428	1079910000
1007	1558908232428	1079933700
1001	1558908232428	1080021700
1008	1558908232428	1079144500
1004	1558908232428	1080013900
1005	1558908232428	1080056300
1010	1558908232428	1080267500
1006	1558908232428	1080318300
1009	1558908232429	1080253200
1009	1558908234506	1077539600
1001	1558908234506	1078884500
1007	1558908234506	1078894300
1005	1558908234506	1078898700
1002	1558908234506	1078900900
1010	1558908234506	1078913300
1004	1558908234507	1078969700
1008	1558908234507	1079001600
1003	1558908234507	1079040600
1006	1558908234507	1074406800
1001	1558908236587	1080306900
1002	1558908236588	1080380900
1008	1558908236588	1079469500
1010	1558908236588	1080665400
1005	1558908236588	1080658700
1009	1558908236588	1080677900
1007	1558908236588	1080689600
1006	1558908236588	1076208600
1003	1558908236588	1079729800
1004	1558908236588	1079780300
1008	1558908238684	1090123100
1007	1558908238684	1096578900
1010	1558908238684	1096384100
1002	1558908238684	1094958400
1003	1558908238684	1096988200
1001	1558908238684	1098144800
1004	1558908238684	1097054800
1005	1558908238684	1096373400
1009	1558908238685	1097015100
1006	1558908238685	1097271200
1008	1558908240768	1082692300
1007	1558908240768	1082735300
1010	1558908240768	1082932500
1004	1558908240768	1082280600
1009	1558908240768	1080502400
1006	1558908240768	1079247500
1003	1558908240768	1083022400
1005	1558908240768	1083125000
1002	1558908240768	1083234500
1001	1558908240768	1083436700
1001	1558908242860	1092187900
1009	1558908242860	1092192900
1004	1558908242860	1092158500
1005	1558908242860	1092220400
1008	1558908242860	1085349900
1007	1558908242860	1092545900
1006	1558908242860	1092689700
1003	1558908242860	1092690900
1002	1558908242860	1092869600
1010	1558908242860	1092850200
1002	1558908244949	1087214700
1006	1558908244949	1087389000
1010	1558908244949	1086261000
1003	1558908244949	1087462300
1004	1558908244949	1087369500
1009	1558908244949	1087441700
1005	1558908244949	1087441800
1007	1558908244949	1087534000
1001	1558908244949	1087661500
1008	1558908244949	1082494100
1003	1558908247028	1079143000
1006	1558908247028	1079140200
1005	1558908247028	1079298000
1001	1558908247028	1079399400
1002	1558908247028	1079428300
1007	1558908247028	1079684000
1004	1558908247028	1079685600
1009	1558908247028	1079689700
1010	1558908247028	1079829400
1008	1558908247028	1079844700
1001	1558908249109	1079616300
1004	1558908249109	1079757000
1003	1558908249109	1080000500
1002	1558908249109	1080016500
1005	1558908249109	1079973500
1010	1558908249109	1080040200
1006	1558908249109	1079945800
1009	1558908249109	1080025600
1007	1558908249109	1080057500
1008	1558908249109	1080032500
1001	1558908251208	1085273000
1004	1558908251208	1097632900
1003	1558908251208	1098673800
1002	1558908251208	1087106200
1005	1558908251208	1098711700
1006	1558908251208	1098827100
1010	1558908251208	1098818300
1009	1558908251208	1098772100
1007	1558908251208	1098934500
1008	1558908251208	1098896900
1005	1558908253306	1098021600
1003	1558908253306	1098465300
1002	1558908253307	1099385900
1010	1558908253307	1099441300
1006	1558908253307	1099445300
1009	1558908253307	1099375900
1008	1558908253308	1099998100
1007	1558908253308	1100108600
1001	1558908253308	1100280300
1004	1558908253308	1100479200
1001	1558908255388	1079892500
1005	1558908255388	1082111600
1009	1558908255389	1080655900
1010	1558908255389	1080797200
1002	1558908255389	1081451600
1006	1558908255389	1081077400
1008	1558908255389	1080322400
1007	1558908255389	1077752400
1003	1558908255389	1082476100
1004	1558908255389	1080253800
1005	1558908257478	1089768800
1001	1558908257478	1089923700
1006	1558908257478	1089249900
1002	1558908257479	1090042800
1007	1558908257479	1087302300
1008	1558908257479	1089490900
1003	1558908257480	1090916300
1010	1558908257480	1090924800
1004	1558908257480	1090038600
1009	1558908257480	1091158500
1010	1558908259588	1104159500
1006	1558908259589	1111098000
1009	1558908259590	1108187100
1001	1558908259590	1111553300
1005	1558908259590	1111596100
1002	1558908259590	1110726200
1003	1558908259591	1107654900
1008	1558908259591	1111456000
1004	1558908259591	1109215500
1007	1558908259591	1111868100
1002	1558908261678	1087693700
1006	1558908261678	1087866000
1010	1558908261678	1088725800
1001	1558908261678	1087918600
1005	1558908261678	1087820300
1004	1558908261678	1086918800
1009	1558908261678	1087915000
1003	1558908261678	1084691200
1007	1558908261678	1084699800
1008	1558908261678	1087121500
1001	1558908263776	1097621700
1003	1558908263778	1100070200
1002	1558908263779	1101466500
1006	1558908263779	1101613100
1010	1558908263779	1101614800
1007	1558908263779	1101876200
1005	1558908263779	1101907800
1009	1558908263779	1098900700
1004	1558908263779	1102042600
1008	1558908263779	1102079300
1001	1558908265868	1092066600
1002	1558908265868	1087265700
1003	1558908265868	1089099600
1004	1558908265868	1087320400
1010	1558908265868	1087425600
1007	1558908265868	1087382400
1009	1558908265868	1087384400
1005	1558908265868	1087388300
1008	1558908265868	1087421700
1006	1558908265868	1087471600
1002	1558908267998	1130057400
1007	1558908267998	1130337300
1003	1558908267999	1122457600
1006	1558908267999	1131220400
1001	1558908267999	1119942500
1010	1558908267999	1131216100
1005	1558908267999	1131303600
1009	1558908267999	1131323100
1008	1558908268000	1131618300
1004	1558908268000	1131899500
1005	1558908270097	1097778900
1009	1558908270097	1098530900
1002	1558908270097	1099460200
1006	1558908270097	1098596800
1010	1558908270098	1094461500
1001	1558908270098	1098732200
1004	1558908270098	1085234700
1007	1558908270098	1099676500
1008	1558908270098	1087846800
1003	1558908270098	1099018800
1007	1558908272200	1101017100
1005	1558908272200	1101842000
1001	1558908272200	1100789200
1008	1558908272200	1099930400
1009	1558908272200	1101945000
1002	1558908272201	1101812600
1003	1558908272201	1101712400
1004	1558908272201	1100709700
1006	1558908272201	1102662500
1010	1558908272201	1101707900
1001	1558908274298	1097107100
1009	1558908274298	1097117300
1010	1558908274298	1095235300
1008	1558908274298	1097100000
1004	1558908274298	1096904000
1006	1558908274299	1095914700
1007	1558908274299	1098277800
1003	1558908274299	1096349900
1005	1558908274299	1098507000
1002	1558908274299	1096560900
1007	1558908276421	1109077200
1002	1558908276421	1122610400
1008	1558908276421	1123066100
1010	1558908276421	1123531700
1006	1558908276421	1110909900
1001	1558908276421	1123569100
1009	1558908276421	1123613400
1004	1558908276422	1123609200
1003	1558908276422	1122866700
1005	1558908276422	1123325300
1001	1558908278498	1076331900
1004	1558908278498	1073799400
1003	1558908278498	1073543600
1002	1558908278498	1076395500
1006	1558908278498	1076403800
1007	1558908278498	1076425800
1010	1558908278498	1076470700
1005	1558908278498	1074260600
1008	1558908278498	1076685400
1009	1558908278498	1074192000
1002	1558908280579	1080309500
1001	1558908280579	1080424500
1010	1558908280579	1080304200
1004	1558908280579	1080431500
1009	1558908280579	1080416000
1006	1558908280579	1080379100
1005	1558908280579	1080433100
1008	1558908280579	1080335200
1003	1558908280579	1080493100
1007	1558908280579	1080514000
1009	1558908282695	1115637000
1007	1558908282695	1115947000
1008	1558908282695	1116044800
1004	1558908282695	1116145100
1005	1558908282696	1116586200
1010	1558908282696	1116588600
1002	1558908282696	1113730700
1006	1558908282696	1116631200
1003	1558908282696	1116702500
1001	1558908282696	1116499900
1001	1558908284768	1071455900
1005	1558908284769	1071723900
1002	1558908284769	1069171200
1003	1558908284769	1070305300
1010	1558908284769	1070104500
1006	1558908284769	1069093800
1004	1558908284769	1073030600
1008	1558908284769	1073037200
1009	1558908284769	1073148300
1007	1558908284769	1073309500
1003	1558908286890	1119772700
1004	1558908286890	1119965400
1008	1558908286890	1120065400
1007	1558908286890	1113565900
1010	1558908286890	1120540000
1006	1558908286890	1120610100
1009	1558908286890	1120644200
1001	1558908286890	1122517900
1005	1558908286891	1120885000
1002	1558908286891	1121046700
1007	1558908288990	1099690100
1003	1558908288990	1099686200
1001	1558908288990	1098536500
1008	1558908288990	1099780000
1004	1558908288990	1099855800
1006	1558908288991	1100460600
1010	1558908288991	1100539100
1002	1558908288991	1099664500
1009	1558908288991	1096681400
1005	1558908288991	1095386800
1002	1558908291068	1075791700
1006	1558908291068	1076312800
1008	1558908291068	1078561100
1007	1558908291068	1078566800
1005	1558908291069	1075611000
1001	1558908291069	1078684900
1009	1558908291069	1074606800
1004	1558908291069	1078716900
1010	1558908291069	1076711700
1003	1558908291069	1079000000
1002	1558908293148	1079446000
1003	1558908293148	1077872400
1001	1558908293148	1075915100
1004	1558908293148	1076995600
1006	1558908293148	1079762600
1005	1558908293149	1078933400
1010	1558908293149	1078823400
1009	1558908293149	1077889200
1008	1558908293149	1080102200
1007	1558908293149	1079342500
1002	1558908295237	1088520100
1007	1558908295238	1087978900
1001	1558908295238	1089073600
1004	1558908295238	1089107500
1005	1558908295238	1084169900
1008	1558908295238	1085326600
1009	1558908295238	1084908700
1010	1558908295238	1085781000
1006	1558908295238	1089245400
1003	1558908295238	1089528600
1004	1558908297309	1070185600
1003	1558908297309	1070808100
1002	1558908297309	1072699000
1007	1558908297309	1070907300
1001	1558908297310	1071040600
1008	1558908297310	1071097100
1009	1558908297310	1071115700
1005	1558908297310	1066336400
1006	1558908297310	1071190600
1010	1558908297310	1071394300
1009	1558908299399	1086972400
1005	1558908299399	1081872900
1008	1558908299399	1089794500
1010	1558908299399	1089986800
1007	1558908299399	1090696300
1004	1558908299400	1090933000
1006	1558908299400	1090211200
1001	1558908299400	1090206800
1002	1558908299400	1090976100
1003	1558908299400	1091006100
1002	1558908301488	1086615800
1010	1558908301488	1088587800
1006	1558908301488	1086558700
1001	1558908301489	1087072200
1007	1558908301490	1090082200
1009	1558908301490	1090273000
1005	1558908301490	1090368600
1008	1558908301490	1090615700
1004	1558908301490	1089080900
1003	1558908301490	1089246300
1001	1558908303588	1099890100
1007	1558908303590	1099816600
1010	1558908303590	1102346900
1003	1558908303590	1099567300
1002	1558908303590	1102447500
1006	1558908303590	1102449300
1008	1558908303590	1100291500
1009	1558908303590	1100304400
1004	1558908303590	1097004700
1005	1558908303590	1100350100
1001	1558908305669	1080786300
1004	1558908305669	1078869700
1008	1558908305669	1078875200
1005	1558908305669	1078882900
1002	1558908305669	1078885000
1003	1558908305669	1079001900
1006	1558908305669	1079032100
1007	1558908305669	1079053600
1009	1558908305669	1079060100
1010	1558908305669	1079215000
1004	1558908307738	1069132000
1007	1558908307738	1069179700
1003	1558908307738	1069162300
1010	1558908307738	1069125100
1002	1558908307738	1069335100
1005	1558908307738	1069325600
1001	1558908307738	1069303700
1008	1558908307738	1069334900
1009	1558908307738	1069291000
1006	1558908307738	1069377500
1002	1558908309798	1059177900
1001	1558908309798	1059231400
1009	1558908309798	1059443800
1010	1558908309798	1059396900
1005	1558908309798	1059506400
1007	1558908309798	1059452800
1006	1558908309798	1059528600
1004	1558908309798	1059422400
1008	1558908309798	1059594300
1003	1558908309798	1059752800
1008	1558908311888	1087929700
1005	1558908311888	1089723900
1010	1558908311888	1090010900
1002	1558908311888	1090026600
1009	1558908311888	1090083200
1006	1558908311888	1090056900
1007	1558908311888	1090039600
1003	1558908311888	1088399700
1001	1558908311889	1090197000
1004	1558908311889	1090202700
1001	1558908313970	1080793800
1004	1558908313970	1080926900
1003	1558908313970	1081986000
1007	1558908313970	1082039300
1010	1558908313970	1082055900
1005	1558908313970	1082076300
1008	1558908313970	1082276500
1006	1558908313970	1082325200
1002	1558908313970	1082336500
1009	1558908313970	1082288100
1001	1558908316067	1091689700
1008	1558908316067	1096010800
1007	1558908316067	1095996800
1003	1558908316067	1096060300
1002	1558908316067	1096063600
1010	1558908316067	1095982900
1009	1558908316068	1096727800
1006	1558908316068	1096773100
1005	1558908316068	1096874500
1004	1558908316068	1094472100
1008	1558908318156	1089364600
1007	1558908318157	1090141100
1006	1558908318157	1086921600
1003	1558908318157	1090204600
1009	1558908318157	1086221800
1004	1558908318157	1086257700
1002	1558908318158	1090787600
1010	1558908318158	1090934500
1005	1558908318158	1086925400
1001	1558908318158	1091060600
1005	1558908320279	1115718000
1009	1558908320280	1122860700
1008	1558908320280	1124046500
1002	1558908320281	1110715700
1010	1558908320281	1121510300
1007	15589